0	0.292091	0.292959	0.27896	0.301913	0.300098	0.297448	0.288206	0.295343	0.301354	0.295307	0.292977	0.300338	0.303809	0.293923	0.298993	0.0257308	0.294854	0.289656	0.278071	0.297746	0.292816	0.296317	0.290201	0.292563	0.303993	0.292327	0.292016	0.297108	0.309314	0.294884	0.29994	0.0254206	0.291112	0.290635	0.27036	0.298092	0.292986	0.294486	0.286251	0.289071	0.299341	0.292201	0.28711	0.296767	0.300997	0.288495	0.300498	0.029462	0.282793	0.287591	0.273877	0.298945	0.294052	0.295928	0.288136	0.293091	0.295844	0.290529	0.292431	0.295265	0.295638	0.291765	0.298013	0.0255785	0.293945	0.289094	0.278611	0.299859	0.295787	0.29476	0.294508	0.291986	0.30361	0.299147	0.288562	0.295512	0.306679	0.293634	0.302532	0.0244596	0.293727	0.289422	0.27931	0.296996	0.292196	0.294959	0.284415	0.294095	0.302881	0.293323	0.295697	0.296481	0.307259	0.294549	0.297342	0.0270573	0.292788	0.293764	0.274417	0.297351	0.292837	0.293857	0.288362	0.288667	0.295437	0.288703	0.291665	0.298714	0.300732	0.292758	0.298167	0.0264056	0.298839	0.295398	0.27515	0.299471	0.293626	0.29459	0.288144	0.292318	0.300891	0.292142	0.292738	0.300357	0.30794	0.293092	0.299607	0.0258069	0.293355	0.286276	0.271757	0.295457	0.297908	0.295722	0.291446	0.291709	0.301276	0.293527	0.290356	0.297255	0.307427	0.29638	0.298828	0.0252751	0.290798	0.293329	0.279882	0.298906	0.296007	0.293358	0.290765	0.294761	0.299026	0.293215	0.292799	0.300013	0.305669	0.293163	0.300394	0.0263005	0.289769	0.288546	0.276117	0.298692	0.295219	0.295839	0.288031	0.294119	0.29562	0.289652	0.291041	0.297956	0.302671	0.293115	0.300145	0.0265221	0.296371	0.291378	0.280198	0.29823	0.29811	0.299898	0.292773	0.295075	0.304212	0.29744	0.291523	0.299228	0.303789	0.295251	0.300269	0.0278478	0.298384	0.29206	0.283194	0.302363	0.291203	0.300523	0.288002	0.296155	0.30118	0.301107	0.29407	0.30004	0.306444	0.297684	0.30172
0.292091	0	0.270429	0.299774	0.302681	0.314755	0.297046	0.298809	0.307761	0.30743	0.30905	0.303803	0.305484	0.299969	0.306762	0.311308	0.293914	0.0338105	0.267245	0.295188	0.300275	0.308679	0.295895	0.302181	0.303972	0.309073	0.307154	0.306469	0.302829	0.303379	0.304258	0.312253	0.290894	0.0321282	0.267115	0.29217	0.304184	0.306312	0.292837	0.296987	0.305561	0.307405	0.307719	0.301777	0.302109	0.299763	0.301575	0.311785	0.291573	0.0298679	0.261332	0.290383	0.300937	0.304241	0.297838	0.296103	0.303586	0.302327	0.300527	0.30264	0.299768	0.291551	0.298921	0.309373	0.290696	0.0303124	0.263028	0.29879	0.304476	0.310378	0.292343	0.303465	0.304986	0.309204	0.312178	0.302702	0.302792	0.30377	0.305121	0.314487	0.288299	0.031345	0.265324	0.295196	0.299321	0.306522	0.292136	0.297149	0.306297	0.309376	0.308039	0.306418	0.303934	0.304169	0.302514	0.309572	0.293483	0.0331722	0.267911	0.292325	0.298963	0.306651	0.296791	0.294222	0.306488	0.302588	0.301858	0.304524	0.301204	0.299775	0.30052	0.309927	0.293918	0.0325068	0.268593	0.294677	0.300049	0.3053	0.290225	0.294337	0.301842	0.30966	0.307051	0.305611	0.306216	0.307605	0.303511	0.310195	0.292479	0.0320723	0.263031	0.293656	0.303164	0.312297	0.296243	0.298459	0.305037	0.306498	0.303856	0.303304	0.302264	0.303003	0.308985	0.311591	0.292757	0.0291659	0.264907	0.296103	0.3021	0.310638	0.294639	0.297847	0.308855	0.308013	0.306274	0.304434	0.302878	0.303392	0.304976	0.311012	0.289908	0.0289034	0.266366	0.296856	0.296486	0.306082	0.295018	0.296501	0.308175	0.304243	0.307092	0.302282	0.302498	0.299635	0.302972	0.309818	0.294913	0.0296604	0.268845	0.296831	0.301111	0.312604	0.297584	0.300875	0.305636	0.310582	0.308957	0.304027	0.304253	0.305661	0.302787	0.310764	0.290504	0.0315607	0.265432	0.300764	0.30033	0.305591	0.300609	0.299191	0.305385	0.308585	0.311713	0.302612	0.3046	0.303903	0.303945	0.313044
0.292959	0.270429	0	0.297982	0.29038	0.307867	0.309757	0.310671	0.30028	0.308971	0.305787	0.308327	0.31111	0.310831	0.311075	0.314812	0.296066	0.270526	0.0274544	0.29714	0.288338	0.302758	0.308261	0.311368	0.301273	0.31149	0.306301	0.310918	0.307207	0.313169	0.314941	0.312624	0.290718	0.27091	0.0395555	0.291073	0.291935	0.302929	0.306486	0.308158	0.296934	0.307707	0.304446	0.307125	0.308306	0.308222	0.308345	0.312394	0.294292	0.261223	0.0288284	0.289295	0.290486	0.300906	0.308528	0.307465	0.293009	0.305366	0.302487	0.309438	0.306579	0.305836	0.309936	0.31166	0.290457	0.270877	0.0321896	0.297202	0.290325	0.307017	0.305239	0.311625	0.299043	0.308036	0.308088	0.303489	0.307464	0.3105	0.312569	0.317205	0.292327	0.271589	0.0276962	0.297412	0.28548	0.302933	0.30587	0.306945	0.303558	0.309207	0.307393	0.312668	0.308858	0.311542	0.3135	0.315296	0.293534	0.272073	0.0267101	0.291036	0.287532	0.304407	0.307273	0.308417	0.297156	0.305441	0.300653	0.311624	0.307044	0.308654	0.309093	0.308267	0.294692	0.271985	0.0283321	0.292475	0.287273	0.300926	0.306552	0.306429	0.295818	0.308499	0.305029	0.312598	0.310388	0.312384	0.30906	0.313007	0.293212	0.271262	0.028243	0.289143	0.291089	0.308117	0.308312	0.310238	0.296587	0.307598	0.304358	0.310183	0.306074	0.310931	0.314502	0.313168	0.29527	0.268198	0.0283483	0.295643	0.287051	0.306076	0.307188	0.309894	0.302248	0.308836	0.305269	0.310958	0.308371	0.313411	0.31156	0.312875	0.29337	0.266246	0.0330561	0.296302	0.283961	0.302257	0.30837	0.309042	0.302685	0.308182	0.304041	0.308919	0.306239	0.310454	0.310825	0.31504	0.297947	0.270811	0.029812	0.295842	0.288843	0.307694	0.309468	0.312391	0.300169	0.311909	0.307251	0.310096	0.307241	0.31214	0.311792	0.315467	0.292566	0.273304	0.0286214	0.300348	0.288738	0.302791	0.311151	0.309894	0.300626	0.309784	0.308718	0.310588	0.307048	0.314244	0.312259	0.313771
0.27896	0.299774	0.297982	0	0.304797	0.317472	0.300111	0.298847	0.309507	0.305917	0.300709	0.297902	0.311989	0.316652	0.303877	0.297675	0.283608	0.300284	0.295758	0.0274089	0.300291	0.31006	0.301003	0.29979	0.309603	0.310267	0.301456	0.302759	0.311556	0.322743	0.30725	0.297483	0.276726	0.296592	0.290309	0.0269068	0.300927	0.309066	0.296706	0.295892	0.303764	0.301177	0.300992	0.297491	0.309557	0.313386	0.298548	0.295713	0.280779	0.285974	0.287164	0.0258207	0.303185	0.307895	0.297594	0.29513	0.301675	0.297131	0.29097	0.301343	0.305834	0.308118	0.298894	0.296832	0.278401	0.298371	0.295464	0.0278771	0.303861	0.316864	0.296536	0.296756	0.308733	0.30659	0.304196	0.297536	0.310002	0.319968	0.302994	0.301871	0.27634	0.296469	0.292175	0.0277232	0.300501	0.311944	0.296663	0.297575	0.311739	0.307012	0.30084	0.308581	0.311446	0.323112	0.302172	0.29668	0.279681	0.299454	0.297836	0.0280222	0.304024	0.311868	0.298447	0.296321	0.302201	0.298491	0.296801	0.3017	0.310482	0.315421	0.301543	0.292827	0.281923	0.299759	0.299082	0.026937	0.3005	0.305894	0.296961	0.293771	0.306394	0.306351	0.300706	0.304091	0.312221	0.324951	0.303601	0.295699	0.278031	0.297627	0.292432	0.0274628	0.301498	0.315065	0.300436	0.298499	0.303458	0.303373	0.298085	0.300264	0.309753	0.321572	0.304911	0.297462	0.284408	0.295606	0.293436	0.029613	0.300895	0.315545	0.297798	0.29691	0.309211	0.303733	0.299492	0.301329	0.31208	0.321863	0.305305	0.297103	0.280473	0.289185	0.292607	0.0300521	0.300657	0.310398	0.297086	0.296306	0.309495	0.30068	0.299021	0.303263	0.309938	0.316674	0.303606	0.299015	0.287085	0.300408	0.297623	0.0292701	0.302196	0.313814	0.302005	0.299413	0.309788	0.308688	0.304069	0.30152	0.311843	0.320509	0.30726	0.297676	0.281037	0.301116	0.295731	0.0302263	0.304559	0.307749	0.301947	0.297399	0.310958	0.306103	0.302777	0.30258	0.313112	0.320994	0.305582	0.300032
0.301913	0.302681	0.29038	0.304797	0	0.314731	0.300498	0.303538	0.302846	0.317146	0.306873	0.301247	0.304136	0.316044	0.316733	0.306459	0.306151	0.302382	0.285919	0.304958	0.0279351	0.305892	0.301174	0.306936	0.30312	0.318437	0.304557	0.303592	0.304283	0.315591	0.316615	0.3063	0.30098	0.302838	0.284478	0.298521	0.030158	0.304995	0.296316	0.301546	0.300285	0.314282	0.304792	0.29942	0.300818	0.311366	0.311405	0.305018	0.302396	0.294632	0.282453	0.295649	0.0308705	0.307552	0.299345	0.302804	0.294278	0.310464	0.298951	0.300871	0.296902	0.307507	0.308376	0.307812	0.298875	0.303023	0.281518	0.302703	0.0273755	0.310696	0.297798	0.303128	0.300981	0.318051	0.307014	0.299439	0.301778	0.315045	0.314926	0.31073	0.301677	0.30179	0.285104	0.304352	0.0288627	0.308417	0.297339	0.305479	0.305106	0.317208	0.307702	0.305353	0.305135	0.315912	0.314571	0.307496	0.30201	0.302438	0.286092	0.299817	0.0285018	0.310658	0.299909	0.301606	0.297011	0.313384	0.299852	0.300905	0.303076	0.309924	0.313887	0.303678	0.304118	0.305159	0.287561	0.298888	0.02519	0.304076	0.297224	0.299758	0.300327	0.315275	0.30469	0.303123	0.304422	0.316615	0.312912	0.30825	0.299176	0.298974	0.28388	0.297832	0.0283559	0.31208	0.297953	0.304813	0.300661	0.314705	0.302057	0.301263	0.302703	0.313571	0.314377	0.306044	0.305077	0.301497	0.284935	0.299728	0.0276061	0.310995	0.296752	0.303986	0.305348	0.314965	0.303264	0.300972	0.303011	0.316935	0.31675	0.308184	0.300838	0.296667	0.284634	0.301003	0.0256959	0.308451	0.298234	0.301047	0.304123	0.314465	0.303788	0.302107	0.304176	0.314272	0.311212	0.307784	0.306332	0.304294	0.284994	0.301986	0.027673	0.311743	0.30036	0.305314	0.30201	0.317369	0.305378	0.304447	0.304035	0.317282	0.313947	0.307157	0.305301	0.305722	0.284214	0.309828	0.0259387	0.306231	0.302329	0.302329	0.303758	0.315002	0.307589	0.302471	0.304217	0.316004	0.317522	0.307111
0.300098	0.314755	0.307867	0.317472	0.314731	0	0.301674	0.307738	0.297529	0.291363	0.309907	0.288452	0.296516	0.298611	0.299046	0.304193	0.299714	0.316551	0.305747	0.317311	0.311633	0.0250542	0.305134	0.309044	0.299113	0.29099	0.310651	0.291192	0.293718	0.303687	0.304439	0.306239	0.300613	0.315958	0.311968	0.310875	0.314138	0.0268306	0.3031	0.308317	0.294495	0.288205	0.311779	0.2908	0.29078	0.294354	0.295272	0.304886	0.299523	0.303392	0.303176	0.308839	0.310262	0.0266762	0.305909	0.305594	0.293059	0.285704	0.30767	0.291181	0.291131	0.293122	0.296577	0.304591	0.301077	0.31561	0.305866	0.316605	0.315549	0.0273583	0.300022	0.312076	0.296782	0.291501	0.312551	0.287529	0.293841	0.300698	0.302151	0.30635	0.301434	0.315678	0.305004	0.315532	0.308505	0.0285841	0.304752	0.30684	0.299148	0.289876	0.315292	0.296438	0.293928	0.299603	0.299977	0.302905	0.302405	0.315722	0.306773	0.311364	0.31296	0.0311247	0.303269	0.30688	0.292887	0.286171	0.308804	0.290686	0.292782	0.299728	0.296285	0.302496	0.302076	0.317154	0.310378	0.312873	0.312002	0.0247068	0.30052	0.30593	0.295681	0.289193	0.313396	0.293939	0.29431	0.302043	0.298241	0.305799	0.300698	0.314462	0.302598	0.309631	0.309355	0.0298857	0.304223	0.308412	0.296223	0.28976	0.310434	0.291639	0.293703	0.301399	0.30308	0.306391	0.302146	0.314147	0.305926	0.315908	0.309713	0.0261712	0.302178	0.309342	0.301533	0.288239	0.311596	0.290747	0.295839	0.301152	0.298107	0.304268	0.301037	0.308481	0.302828	0.315554	0.311556	0.0271425	0.3034	0.307918	0.30007	0.286386	0.311137	0.290021	0.291849	0.293851	0.301287	0.303319	0.305031	0.316936	0.305584	0.31682	0.310239	0.0278911	0.306028	0.309847	0.298782	0.2894	0.313564	0.289025	0.294553	0.2987	0.300577	0.303257	0.298099	0.318409	0.306789	0.320275	0.313533	0.0280545	0.306344	0.306312	0.299179	0.290491	0.314266	0.292551	0.295568	0.299825	0.297109	0.307501
0.297448	0.297046	0.309757	0.300111	0.300498	0.301674	0	0.294656	0.299309	0.305399	0.301389	0.301472	0.298968	0.296798	0.276383	0.300549	0.295632	0.297841	0.306833	0.296462	0.299326	0.297736	0.0256449	0.296437	0.298728	0.307622	0.301123	0.301813	0.297735	0.300902	0.279871	0.302532	0.294603	0.296109	0.311595	0.295411	0.299854	0.297059	0.0253212	0.293568	0.296634	0.30293	0.30297	0.298766	0.29628	0.293982	0.273002	0.300935	0.29506	0.286746	0.303887	0.291	0.299864	0.297993	0.0253015	0.295063	0.292118	0.302422	0.294141	0.301716	0.296696	0.291316	0.273353	0.301762	0.29442	0.297592	0.304448	0.298615	0.302544	0.301884	0.0248964	0.298671	0.297474	0.305148	0.303907	0.29937	0.294032	0.300022	0.280267	0.302484	0.290456	0.297716	0.30638	0.296871	0.296704	0.299271	0.0244011	0.292219	0.300605	0.303744	0.302891	0.306832	0.297447	0.297464	0.276818	0.302357	0.297925	0.296635	0.30616	0.293049	0.300227	0.297892	0.025545	0.2925	0.296964	0.302028	0.299713	0.302293	0.296892	0.29673	0.273511	0.29933	0.297695	0.295778	0.307462	0.29286	0.298478	0.295915	0.0285623	0.290371	0.296862	0.307033	0.301512	0.302477	0.298198	0.300729	0.278895	0.304285	0.29409	0.294739	0.305839	0.292328	0.300114	0.30398	0.028041	0.296232	0.296938	0.304355	0.299946	0.304668	0.295216	0.299588	0.279636	0.302068	0.297436	0.29645	0.306008	0.299486	0.299503	0.299192	0.0251773	0.295148	0.301476	0.305376	0.301626	0.301476	0.298849	0.298845	0.279268	0.299689	0.296013	0.289277	0.306612	0.297657	0.29539	0.297356	0.023534	0.293961	0.301214	0.303245	0.300496	0.301112	0.295112	0.293699	0.28092	0.300483	0.299317	0.29649	0.30796	0.298837	0.299187	0.30116	0.0247946	0.296756	0.298654	0.307158	0.301431	0.300901	0.29811	0.297378	0.279331	0.299078	0.296626	0.297627	0.306251	0.301863	0.297349	0.29771	0.0262332	0.293788	0.300658	0.305741	0.304402	0.303821	0.297629	0.296094	0.278383	0.303357
0.288206	0.298809	0.310671	0.298847	0.303538	0.307738	0.294656	0	0.295745	0.301417	0.253658	0.285738	0.301346	0.301597	0.290807	0.281522	0.290187	0.299453	0.304369	0.297045	0.300722	0.302137	0.295609	0.0300797	0.295848	0.303076	0.251692	0.286278	0.298862	0.304784	0.294495	0.282475	0.28552	0.295984	0.309444	0.291238	0.301573	0.302144	0.29367	0.0300718	0.291098	0.300088	0.253663	0.283942	0.298083	0.298378	0.290115	0.282339	0.289517	0.288698	0.303892	0.290358	0.301645	0.301471	0.294961	0.0330374	0.288741	0.296945	0.248335	0.2868	0.299854	0.295788	0.289021	0.282192	0.286243	0.300611	0.30438	0.299788	0.304577	0.307483	0.293225	0.0340295	0.295927	0.304432	0.254822	0.281904	0.298231	0.302905	0.295248	0.28318	0.282915	0.300404	0.306275	0.298291	0.301307	0.306069	0.292632	0.0279716	0.295752	0.301704	0.255369	0.289849	0.299757	0.302854	0.291244	0.279563	0.290679	0.297102	0.306671	0.291776	0.3004	0.305172	0.293435	0.0287298	0.292314	0.296553	0.249716	0.287203	0.298343	0.301666	0.290075	0.281659	0.291673	0.299597	0.3108	0.293305	0.300146	0.301528	0.296418	0.0272401	0.294464	0.30092	0.253038	0.288212	0.302609	0.306403	0.293884	0.283138	0.28989	0.294978	0.3064	0.291948	0.30124	0.311855	0.295526	0.0296798	0.29338	0.29954	0.250454	0.287141	0.299309	0.304775	0.296288	0.281934	0.291089	0.297535	0.305565	0.29668	0.301306	0.304507	0.294817	0.0308623	0.299358	0.299907	0.253842	0.284551	0.299736	0.30532	0.29521	0.282057	0.289666	0.291781	0.303373	0.297495	0.299937	0.302323	0.291353	0.0320473	0.297904	0.29901	0.250001	0.286255	0.299417	0.302031	0.293626	0.280802	0.294564	0.298971	0.307665	0.296823	0.30186	0.308778	0.296662	0.0304829	0.29765	0.301539	0.253996	0.285984	0.301666	0.303552	0.294419	0.28119	0.29142	0.301085	0.30794	0.304053	0.301367	0.303357	0.299085	0.0301977	0.296875	0.302104	0.258577	0.289959	0.30182	0.305703	0.292366	0.283619
0.295343	0.307761	0.30028	0.309507	0.302846	0.297529	0.299309	0.295745	0	0.304759	0.295184	0.29305	0.29986	0.299227	0.29336	0.290869	0.299564	0.309691	0.296614	0.306299	0.302558	0.294637	0.300165	0.297857	0.0277594	0.30762	0.295491	0.29682	0.298617	0.302063	0.297778	0.293909	0.296954	0.31014	0.301951	0.304675	0.306494	0.292052	0.298915	0.294505	0.0262243	0.30383	0.2965	0.290083	0.294418	0.296257	0.291307	0.292326	0.298051	0.300952	0.295491	0.304116	0.303391	0.2934	0.298087	0.2936	0.0251425	0.300221	0.2881	0.291603	0.295287	0.292366	0.288985	0.293366	0.296075	0.309965	0.296139	0.308475	0.306373	0.297206	0.296525	0.302002	0.0273933	0.305558	0.299074	0.28891	0.295999	0.300898	0.296907	0.292726	0.297726	0.309367	0.295726	0.306746	0.300762	0.294019	0.298129	0.294372	0.0291896	0.303975	0.299138	0.29771	0.298307	0.300309	0.294037	0.290138	0.29833	0.308975	0.298917	0.306256	0.301952	0.295615	0.297452	0.293747	0.0293227	0.302332	0.293882	0.2923	0.297562	0.298623	0.294147	0.291343	0.299518	0.311028	0.301579	0.304624	0.30027	0.29179	0.297204	0.290184	0.028831	0.306065	0.295985	0.296155	0.300221	0.302641	0.291487	0.29406	0.297692	0.307294	0.29283	0.304771	0.304349	0.302357	0.297877	0.29581	0.0258909	0.302537	0.294612	0.294943	0.296037	0.300537	0.298594	0.294755	0.296602	0.307947	0.295403	0.306355	0.300287	0.296225	0.299287	0.295769	0.0295886	0.304689	0.297287	0.292676	0.298271	0.300693	0.294096	0.291621	0.297758	0.303967	0.295988	0.307187	0.300945	0.292763	0.29906	0.296579	0.0274973	0.301273	0.295465	0.292811	0.296055	0.298432	0.295914	0.29217	0.300434	0.309623	0.297132	0.308826	0.301063	0.300114	0.301107	0.297563	0.0289386	0.305003	0.298962	0.290782	0.298981	0.301332	0.296091	0.288918	0.296407	0.312553	0.297984	0.312177	0.303351	0.291223	0.303353	0.294919	0.0305921	0.305092	0.300798	0.296382	0.299858	0.300831	0.293282	0.294703
0.301354	0.30743	0.308971	0.305917	0.317146	0.291363	0.305399	0.301417	0.304759	0	0.294998	0.286277	0.27137	0.268425	0.259691	0.291483	0.300976	0.309973	0.308155	0.301882	0.314214	0.288001	0.305481	0.302332	0.305442	0.0254267	0.296601	0.286341	0.269036	0.271251	0.260831	0.289951	0.302374	0.305907	0.310886	0.29969	0.315348	0.285034	0.304478	0.300907	0.298852	0.0270437	0.300657	0.286677	0.268914	0.267766	0.255646	0.294022	0.301069	0.299412	0.305112	0.29648	0.316938	0.28429	0.306704	0.301854	0.296048	0.0272577	0.29031	0.289081	0.266011	0.264101	0.259371	0.289757	0.300523	0.308606	0.305435	0.303785	0.318609	0.287552	0.30372	0.305038	0.302736	0.0244401	0.300521	0.281482	0.267164	0.271231	0.261758	0.291469	0.30226	0.308155	0.306026	0.302826	0.313375	0.287914	0.303068	0.300655	0.308676	0.0259372	0.301267	0.291493	0.269042	0.269039	0.259517	0.289567	0.302015	0.309148	0.308518	0.301021	0.31539	0.290266	0.304902	0.300647	0.29997	0.0264519	0.294795	0.28768	0.268002	0.270041	0.261964	0.290464	0.301845	0.30985	0.310325	0.298088	0.312966	0.284114	0.306528	0.301185	0.302545	0.0261076	0.299416	0.29115	0.26971	0.27271	0.26203	0.293037	0.302756	0.306071	0.304164	0.300684	0.315525	0.293346	0.307281	0.303182	0.299303	0.0275342	0.295883	0.289131	0.268101	0.270071	0.263197	0.291649	0.303679	0.308307	0.307574	0.303389	0.31664	0.288088	0.305509	0.303965	0.307129	0.0277184	0.298673	0.285633	0.268272	0.271519	0.260297	0.291435	0.301084	0.300003	0.303896	0.302619	0.31333	0.284302	0.305946	0.304904	0.303875	0.0268426	0.297514	0.287691	0.265233	0.269552	0.264295	0.291796	0.303662	0.306765	0.309101	0.302894	0.314839	0.291042	0.308085	0.303843	0.306753	0.0252653	0.300559	0.285365	0.267889	0.2708	0.263387	0.290713	0.29834	0.308298	0.306843	0.307537	0.315754	0.284632	0.309555	0.301786	0.30638	0.0262114	0.30243	0.288893	0.26877	0.27048	0.26054	0.293196
0.295307	0.30905	0.305787	0.300709	0.306873	0.309907	0.301389	0.253658	0.295184	0.294998	0	0.279345	0.295068	0.300827	0.292162	0.254274	0.298299	0.307835	0.30381	0.298335	0.304056	0.305556	0.301865	0.255786	0.297719	0.296736	0.0254996	0.282881	0.294334	0.307895	0.293423	0.257645	0.29416	0.306499	0.304722	0.296938	0.307852	0.30596	0.298177	0.252292	0.294295	0.296033	0.0266572	0.278384	0.294075	0.300234	0.287583	0.257708	0.298445	0.299199	0.299706	0.292443	0.305286	0.303934	0.301279	0.254104	0.284597	0.293489	0.0230242	0.282596	0.289573	0.297477	0.289425	0.25511	0.293273	0.308994	0.301968	0.301491	0.307337	0.308842	0.296288	0.259024	0.295126	0.297771	0.0261591	0.27558	0.292992	0.306595	0.293895	0.255226	0.29281	0.308381	0.304541	0.29852	0.302377	0.307191	0.297399	0.24903	0.297058	0.296465	0.0271047	0.285887	0.293748	0.305219	0.291762	0.254203	0.297691	0.308296	0.304027	0.295673	0.303179	0.30973	0.299836	0.253539	0.294033	0.294331	0.0262835	0.281132	0.293458	0.304069	0.290549	0.254733	0.298477	0.309192	0.304807	0.295792	0.30219	0.303703	0.298621	0.251153	0.294931	0.296484	0.0253423	0.28473	0.294096	0.308698	0.291534	0.256781	0.29782	0.305099	0.300433	0.291927	0.303927	0.313052	0.301424	0.25415	0.29239	0.293602	0.0237156	0.285952	0.292872	0.305792	0.293062	0.255278	0.298757	0.306715	0.299495	0.300127	0.303471	0.309952	0.302207	0.255336	0.300055	0.297357	0.0267461	0.282117	0.294075	0.304564	0.293658	0.25535	0.296916	0.30268	0.300979	0.299498	0.300924	0.304504	0.30043	0.252928	0.297243	0.294086	0.0254302	0.281575	0.293617	0.300384	0.29332	0.253928	0.30127	0.309675	0.304134	0.301883	0.302807	0.309759	0.301686	0.255612	0.297383	0.297287	0.0262606	0.28081	0.295155	0.304598	0.293078	0.253608	0.297332	0.309863	0.302488	0.303467	0.303609	0.303862	0.305443	0.25346	0.296696	0.296574	0.0277133	0.283496	0.294255	0.306597	0.290193	0.256617
0.292977	0.303803	0.308327	0.297902	0.301247	0.288452	0.301472	0.285738	0.29305	0.286277	0.279345	0	0.302101	0.303457	0.304205	0.235487	0.29459	0.303801	0.305985	0.298984	0.295416	0.282689	0.301221	0.286979	0.291677	0.289094	0.278496	0.0271966	0.299656	0.307197	0.305016	0.234564	0.289637	0.303902	0.309867	0.294291	0.299362	0.282688	0.299227	0.282971	0.286776	0.284597	0.280672	0.0268313	0.29755	0.299497	0.301212	0.236535	0.293572	0.296121	0.303556	0.295906	0.297464	0.283061	0.300322	0.285062	0.287048	0.279123	0.273646	0.0284412	0.297156	0.295433	0.299372	0.2347	0.289427	0.305031	0.303706	0.298246	0.300876	0.286647	0.298872	0.290795	0.288418	0.285985	0.284741	0.0276583	0.297316	0.303827	0.303191	0.236212	0.291862	0.301702	0.306856	0.298808	0.296775	0.282982	0.298825	0.285436	0.292396	0.284711	0.280685	0.0287483	0.300237	0.303485	0.303917	0.232851	0.291568	0.304468	0.309068	0.29563	0.297025	0.283943	0.300637	0.282957	0.288796	0.280481	0.277635	0.0290983	0.301227	0.301471	0.302907	0.233621	0.292434	0.307401	0.311921	0.293172	0.296383	0.282237	0.298265	0.281354	0.287189	0.28669	0.280896	0.0297093	0.300656	0.307127	0.302244	0.237536	0.292506	0.300617	0.302271	0.292663	0.296028	0.287219	0.299572	0.286327	0.291635	0.281018	0.278477	0.0321264	0.296646	0.305788	0.305006	0.235133	0.294153	0.302478	0.305744	0.300818	0.297155	0.285711	0.300412	0.285904	0.293627	0.28306	0.279987	0.0288871	0.301436	0.305379	0.303364	0.233863	0.291805	0.298473	0.304587	0.299455	0.294305	0.280921	0.300795	0.286113	0.291456	0.281516	0.278398	0.0278759	0.299154	0.304353	0.300344	0.235274	0.295429	0.30385	0.306284	0.300979	0.297192	0.286172	0.301642	0.287168	0.291135	0.286848	0.282744	0.0267687	0.301232	0.305917	0.30343	0.236477	0.291197	0.305511	0.305839	0.305272	0.298225	0.280864	0.304281	0.285839	0.291987	0.286017	0.286657	0.0292168	0.300063	0.305787	0.304954	0.236432
0.300338	0.305484	0.31111	0.311989	0.304136	0.296516	0.298968	0.301346	0.29986	0.27137	0.295068	0.302101	0	0.27159	0.259822	0.302365	0.300713	0.306778	0.307468	0.309744	0.302817	0.289803	0.299232	0.301872	0.296251	0.272993	0.296548	0.300316	0.0301603	0.268831	0.25945	0.300578	0.29958	0.305791	0.295983	0.304853	0.302497	0.290093	0.294315	0.301292	0.297568	0.271967	0.297107	0.297057	0.0302566	0.272066	0.256245	0.30194	0.298417	0.298595	0.299847	0.302926	0.302205	0.285378	0.296567	0.298904	0.29452	0.266787	0.289398	0.298546	0.0273717	0.266626	0.255468	0.299488	0.298309	0.306016	0.301689	0.309469	0.304346	0.293105	0.299539	0.293804	0.299356	0.273781	0.294807	0.295179	0.0285996	0.272026	0.259806	0.304472	0.295984	0.305849	0.306567	0.310153	0.303209	0.289568	0.296779	0.300498	0.299132	0.27359	0.293657	0.299307	0.0302707	0.272343	0.258786	0.299139	0.296542	0.303591	0.306146	0.307611	0.303576	0.292748	0.297261	0.300513	0.295689	0.268762	0.289456	0.301595	0.0317112	0.268776	0.25898	0.299499	0.301183	0.309457	0.304136	0.308768	0.299856	0.285443	0.296387	0.298732	0.293432	0.271532	0.296828	0.301653	0.0282716	0.272243	0.258479	0.302078	0.302266	0.304011	0.304207	0.308925	0.304792	0.294806	0.297191	0.301736	0.297652	0.269209	0.296423	0.297597	0.0304965	0.269772	0.258796	0.297984	0.301848	0.30513	0.305498	0.303794	0.303782	0.29412	0.296713	0.301929	0.300558	0.271963	0.293527	0.30293	0.0309474	0.273864	0.259311	0.301663	0.298238	0.30174	0.30566	0.307156	0.301455	0.289843	0.298304	0.300302	0.3007	0.271137	0.294526	0.298887	0.0292665	0.271123	0.257791	0.301602	0.301343	0.306958	0.307439	0.307	0.303917	0.295536	0.300074	0.300323	0.297912	0.272149	0.294394	0.300148	0.0294507	0.272331	0.259566	0.298325	0.296049	0.30602	0.304002	0.31263	0.302354	0.289407	0.300116	0.299183	0.296857	0.269684	0.293546	0.298948	0.0282627	0.272543	0.260491	0.298794
0.303809	0.299969	0.310831	0.316652	0.316044	0.298611	0.296798	0.301597	0.299227	0.268425	0.300827	0.303457	0.27159	0	0.267079	0.304033	0.303124	0.302986	0.307295	0.314066	0.313867	0.293734	0.296344	0.302632	0.298735	0.269647	0.30033	0.304261	0.269316	0.0275586	0.27103	0.304237	0.301471	0.299603	0.310905	0.311076	0.316086	0.293925	0.294494	0.30073	0.296786	0.268106	0.300958	0.300197	0.269363	0.0266121	0.265341	0.307575	0.30252	0.293848	0.304414	0.30735	0.314823	0.29144	0.295357	0.29852	0.293695	0.266001	0.295512	0.303942	0.2665	0.0248365	0.266068	0.304302	0.300641	0.298369	0.306655	0.314427	0.315917	0.295898	0.29356	0.306806	0.298728	0.271039	0.302181	0.300664	0.267062	0.0267739	0.271147	0.306165	0.302755	0.300275	0.304402	0.312819	0.312818	0.294985	0.294356	0.300497	0.301547	0.269834	0.305626	0.306185	0.270909	0.0249752	0.267971	0.304183	0.304426	0.302281	0.307808	0.313324	0.313427	0.296784	0.29672	0.301668	0.298252	0.267443	0.297601	0.304459	0.26916	0.0274908	0.268633	0.303104	0.305651	0.302645	0.311185	0.309545	0.310635	0.290508	0.294484	0.298168	0.297449	0.271317	0.301608	0.306583	0.269453	0.0274848	0.269074	0.305049	0.304772	0.299259	0.306939	0.310821	0.314002	0.300851	0.296814	0.301918	0.29618	0.269237	0.300514	0.304997	0.267704	0.0265352	0.270341	0.303656	0.304787	0.300798	0.308609	0.313154	0.313147	0.295189	0.295462	0.303002	0.301465	0.270914	0.298257	0.303906	0.268634	0.0245918	0.267239	0.303667	0.302264	0.292394	0.305764	0.313573	0.310402	0.289924	0.295073	0.303163	0.299844	0.266543	0.301587	0.303697	0.268705	0.024225	0.270453	0.305212	0.305147	0.301033	0.310302	0.314159	0.311722	0.297412	0.296288	0.303846	0.299532	0.271472	0.304349	0.302519	0.269808	0.0251118	0.269405	0.301829	0.300186	0.302765	0.307711	0.319805	0.314147	0.293309	0.299263	0.300315	0.300325	0.270645	0.30625	0.305339	0.26938	0.025424	0.267319	0.3048
0.293923	0.306762	0.311075	0.303877	0.316733	0.299046	0.276383	0.290807	0.29336	0.259691	0.292162	0.304205	0.259822	0.267079	0	0.300399	0.296567	0.305985	0.309248	0.299389	0.314282	0.296547	0.278107	0.293404	0.294528	0.262076	0.290524	0.305675	0.257382	0.271383	0.0256374	0.30098	0.296836	0.305968	0.314844	0.299191	0.315552	0.294743	0.277485	0.291127	0.289066	0.259051	0.292532	0.302558	0.255639	0.265703	0.0246108	0.302525	0.294512	0.292934	0.308085	0.294817	0.315876	0.294622	0.277913	0.291551	0.285834	0.258762	0.286366	0.3038	0.255069	0.261895	0.0296556	0.299163	0.291784	0.306214	0.310091	0.302727	0.316482	0.297453	0.276455	0.29593	0.291671	0.259954	0.294954	0.299405	0.255184	0.271656	0.0257053	0.300182	0.294585	0.305338	0.308727	0.301129	0.31225	0.295716	0.274602	0.288739	0.292567	0.258103	0.294749	0.30816	0.257047	0.269808	0.0264124	0.299618	0.296251	0.308496	0.313445	0.299199	0.31207	0.297787	0.276563	0.29106	0.289168	0.258201	0.290786	0.304022	0.257763	0.268836	0.0260044	0.298693	0.295086	0.304899	0.312409	0.297	0.312151	0.293186	0.278911	0.288658	0.291928	0.258633	0.291393	0.307828	0.257465	0.272396	0.0264851	0.30179	0.296333	0.304729	0.308074	0.296786	0.313295	0.303592	0.279197	0.293127	0.288701	0.25992	0.28948	0.306396	0.257868	0.269379	0.0265778	0.302352	0.297161	0.306582	0.310043	0.301601	0.312316	0.298144	0.278	0.292851	0.297549	0.26113	0.293223	0.304724	0.256086	0.268553	0.0254629	0.300916	0.29485	0.298594	0.304787	0.300517	0.31041	0.294571	0.275873	0.29159	0.294752	0.258172	0.291504	0.304011	0.254632	0.26545	0.0266103	0.300492	0.297695	0.304522	0.309984	0.301513	0.314817	0.30125	0.281352	0.293037	0.295734	0.260412	0.293851	0.303626	0.2573	0.269073	0.0276305	0.298412	0.294502	0.308002	0.309789	0.306121	0.31409	0.294354	0.282091	0.290867	0.29477	0.2598	0.296861	0.305925	0.257685	0.269217	0.0236971	0.302528
0.298993	0.311308	0.314812	0.297675	0.306459	0.304193	0.300549	0.281522	0.290869	0.291483	0.254274	0.235487	0.302365	0.304033	0.300399	0	0.300848	0.311186	0.309287	0.293315	0.30394	0.298051	0.301671	0.285472	0.291011	0.292448	0.251911	0.236424	0.297406	0.308533	0.299603	0.0271311	0.298134	0.310206	0.312607	0.292172	0.306178	0.296424	0.29444	0.280962	0.282814	0.287107	0.254172	0.233774	0.297052	0.301586	0.295499	0.0278985	0.298253	0.3023	0.30562	0.289539	0.305525	0.295431	0.299536	0.283869	0.281221	0.286721	0.247351	0.237009	0.29351	0.296761	0.297259	0.027472	0.297763	0.31054	0.309845	0.2967	0.307289	0.299291	0.29832	0.288662	0.289747	0.29096	0.257202	0.234025	0.298542	0.306487	0.302784	0.02577	0.295665	0.310724	0.311189	0.294055	0.304409	0.298202	0.297976	0.280877	0.289644	0.291466	0.256875	0.240348	0.297046	0.30443	0.29847	0.026208	0.297311	0.311378	0.312726	0.292352	0.303075	0.299708	0.297825	0.280008	0.28362	0.28604	0.251782	0.236456	0.298192	0.303429	0.301131	0.0274281	0.302244	0.314128	0.314952	0.292317	0.303995	0.296543	0.297881	0.277994	0.284418	0.291845	0.253588	0.241193	0.299263	0.30968	0.298662	0.0277108	0.301358	0.307348	0.307297	0.289579	0.304124	0.304172	0.300549	0.284525	0.284622	0.29044	0.252469	0.240724	0.296058	0.306536	0.303365	0.0266562	0.300754	0.308687	0.308333	0.296968	0.303834	0.299269	0.298328	0.28403	0.293031	0.291378	0.251609	0.237753	0.300478	0.30697	0.301003	0.0255168	0.297357	0.301819	0.308947	0.295152	0.300704	0.295924	0.297901	0.281958	0.291721	0.288211	0.25061	0.237364	0.29671	0.303738	0.301183	0.0261866	0.301903	0.311005	0.310743	0.299721	0.303635	0.300919	0.300881	0.285934	0.290125	0.293199	0.256929	0.236425	0.298746	0.307139	0.301672	0.0260123	0.298382	0.315912	0.310541	0.301492	0.305091	0.295979	0.30442	0.282299	0.290914	0.28998	0.260829	0.238717	0.30077	0.306519	0.299509	0.0270266
0.0257308	0.293914	0.296066	0.283608	0.306151	0.299714	0.295632	0.290187	0.299564	0.300976	0.298299	0.29459	0.300713	0.303124	0.296567	0.300848	0	0.295756	0.292513	0.280646	0.301592	0.298284	0.294985	0.291485	0.29952	0.302441	0.293781	0.292583	0.296939	0.308665	0.298994	0.300244	0.0258619	0.291443	0.296162	0.274634	0.304175	0.294252	0.293635	0.287973	0.29291	0.298861	0.296564	0.290727	0.297296	0.299365	0.291233	0.301233	0.0293494	0.283408	0.288254	0.275463	0.304832	0.295807	0.295305	0.289457	0.294483	0.296821	0.29232	0.297284	0.297868	0.294793	0.294787	0.301309	0.0253244	0.295261	0.291535	0.282897	0.305867	0.298356	0.293002	0.297506	0.296767	0.304833	0.300173	0.289243	0.295418	0.307709	0.296898	0.303418	0.0240261	0.295852	0.289598	0.280429	0.302134	0.298585	0.29362	0.285196	0.301065	0.302485	0.297789	0.297672	0.29705	0.3074	0.296033	0.297932	0.0280561	0.293326	0.294073	0.277975	0.302543	0.29913	0.293569	0.288673	0.296541	0.297068	0.292939	0.295177	0.296545	0.304213	0.294982	0.299552	0.0267083	0.297081	0.298136	0.277866	0.303581	0.29486	0.294964	0.288137	0.297317	0.304269	0.295205	0.297734	0.300653	0.309049	0.297043	0.303013	0.0272302	0.292491	0.290026	0.274871	0.300565	0.302298	0.295157	0.290075	0.294889	0.301986	0.295281	0.296887	0.297494	0.306893	0.301216	0.302099	0.0247307	0.292183	0.294108	0.284571	0.304257	0.299244	0.293922	0.291487	0.303167	0.303042	0.297276	0.295863	0.299379	0.305797	0.295839	0.302547	0.0263542	0.290109	0.290089	0.279882	0.301353	0.29613	0.294961	0.291109	0.298602	0.298442	0.293726	0.295877	0.298298	0.301338	0.297362	0.299231	0.0247403	0.295329	0.294189	0.28441	0.303415	0.300615	0.298142	0.291925	0.300073	0.304886	0.299519	0.293053	0.297703	0.303966	0.298247	0.300936	0.0268125	0.297851	0.293725	0.286289	0.306121	0.294015	0.298387	0.290189	0.300569	0.302401	0.300566	0.296997	0.299304	0.305365	0.296313	0.304277
0.294854	0.0338105	0.270526	0.300284	0.302382	0.316551	0.297841	0.299453	0.309691	0.309973	0.307835	0.303801	0.306778	0.302986	0.305985	0.311186	0.295756	0	0.266834	0.292731	0.296926	0.311146	0.297192	0.302379	0.306735	0.308894	0.305577	0.305638	0.305595	0.305931	0.30452	0.312336	0.291793	0.0335338	0.268744	0.291997	0.301028	0.307823	0.294379	0.298145	0.306852	0.308232	0.309423	0.301669	0.302924	0.299577	0.300957	0.313143	0.294612	0.0306601	0.261003	0.290655	0.300209	0.306652	0.298209	0.298744	0.30446	0.303572	0.301638	0.303213	0.302435	0.293544	0.299539	0.311003	0.294777	0.032019	0.266112	0.29891	0.303406	0.312132	0.292927	0.305084	0.306646	0.309656	0.313559	0.300173	0.304736	0.305232	0.306744	0.315366	0.291212	0.0316903	0.262283	0.294856	0.29667	0.308894	0.292901	0.297767	0.306858	0.309946	0.306987	0.30811	0.306271	0.304614	0.301844	0.310604	0.294757	0.0343224	0.26777	0.291336	0.298069	0.308492	0.297522	0.294592	0.306622	0.305604	0.303611	0.304236	0.302431	0.300943	0.302243	0.30939	0.297225	0.0334943	0.26968	0.296561	0.299949	0.305837	0.294364	0.293181	0.306804	0.311503	0.308974	0.307411	0.305805	0.309631	0.302719	0.312417	0.296132	0.0332465	0.264322	0.293867	0.302327	0.317186	0.297694	0.299519	0.306618	0.307339	0.30725	0.303274	0.305296	0.306792	0.308348	0.313564	0.296253	0.0306644	0.264942	0.297949	0.299553	0.312215	0.29576	0.30042	0.310625	0.309592	0.309107	0.303401	0.306508	0.305153	0.30464	0.313142	0.292547	0.0297452	0.264837	0.298247	0.29856	0.306632	0.292841	0.298219	0.310186	0.306735	0.305921	0.30328	0.304698	0.301491	0.305363	0.312038	0.297548	0.0328052	0.26994	0.298638	0.299806	0.313841	0.298424	0.300775	0.309752	0.310043	0.310185	0.303241	0.30558	0.306149	0.3051	0.310875	0.293518	0.032097	0.266048	0.300954	0.301747	0.30802	0.300897	0.298045	0.309027	0.310753	0.312415	0.305142	0.306568	0.305894	0.304667	0.313852
0.289656	0.267245	0.0274544	0.295758	0.285919	0.305747	0.306833	0.304369	0.296614	0.308155	0.30381	0.305985	0.307468	0.307295	0.309248	0.309287	0.292513	0.266834	0	0.290842	0.282452	0.297408	0.302773	0.303021	0.294015	0.305885	0.301514	0.307872	0.303117	0.308635	0.308181	0.308862	0.29002	0.267347	0.0383039	0.286711	0.287106	0.297081	0.299729	0.30183	0.293387	0.303974	0.300806	0.302371	0.3023	0.305896	0.304088	0.309713	0.292472	0.258878	0.026826	0.285835	0.28434	0.294546	0.302375	0.301117	0.28929	0.298461	0.296489	0.305131	0.300527	0.300086	0.303034	0.309699	0.28974	0.266543	0.030548	0.29213	0.286561	0.302904	0.30178	0.305988	0.294142	0.306422	0.304481	0.303344	0.302617	0.308376	0.307871	0.314394	0.287824	0.26739	0.0270286	0.290069	0.282488	0.297499	0.300098	0.302947	0.295051	0.306597	0.300667	0.308474	0.30415	0.307248	0.305036	0.307493	0.289877	0.267954	0.0271598	0.289224	0.28377	0.296998	0.303001	0.302322	0.293624	0.302928	0.296452	0.309035	0.303198	0.303814	0.306482	0.30665	0.293415	0.270212	0.0286686	0.290965	0.282973	0.293859	0.298252	0.298486	0.290912	0.307187	0.300368	0.312002	0.307861	0.310845	0.305258	0.311351	0.291676	0.2658	0.0290518	0.287865	0.28665	0.304597	0.303065	0.304952	0.291444	0.305802	0.3009	0.30836	0.302232	0.307088	0.31015	0.310921	0.29278	0.264765	0.0282526	0.291595	0.282246	0.29998	0.302651	0.303576	0.297765	0.306949	0.300103	0.309783	0.303548	0.311159	0.308943	0.31017	0.291682	0.262999	0.031934	0.292169	0.27971	0.29735	0.303531	0.304382	0.298265	0.301705	0.300438	0.307543	0.302385	0.308279	0.30619	0.310314	0.294337	0.269306	0.0300062	0.294635	0.285242	0.302057	0.304935	0.304604	0.296233	0.308516	0.301233	0.308822	0.303932	0.30768	0.308964	0.309585	0.28818	0.269541	0.0285635	0.29853	0.285005	0.292929	0.306181	0.303611	0.296908	0.303961	0.305885	0.309288	0.305158	0.310828	0.30665	0.309866
0.278071	0.295188	0.29714	0.0274089	0.304958	0.317311	0.296462	0.297045	0.306299	0.301882	0.298335	0.298984	0.309744	0.314066	0.299389	0.293315	0.280646	0.292731	0.290842	0	0.300227	0.310306	0.296062	0.296913	0.30476	0.303945	0.296848	0.301417	0.307162	0.320674	0.303169	0.293024	0.276877	0.29096	0.296447	0.0257052	0.303856	0.310201	0.293764	0.293336	0.3003	0.299744	0.297978	0.29716	0.306897	0.31255	0.296067	0.2943	0.279825	0.28435	0.286089	0.0247366	0.30206	0.308079	0.295457	0.295168	0.30054	0.298004	0.289323	0.301518	0.302863	0.306199	0.297977	0.295436	0.277653	0.292947	0.293196	0.0263017	0.306238	0.31549	0.292839	0.300192	0.302965	0.30551	0.301239	0.295138	0.305623	0.320693	0.305651	0.296678	0.274424	0.290917	0.288441	0.025286	0.300421	0.314605	0.292981	0.295076	0.305805	0.303854	0.299392	0.307602	0.307811	0.31844	0.299293	0.291018	0.280451	0.295822	0.293546	0.0265244	0.299929	0.313264	0.296998	0.29304	0.299447	0.3004	0.296685	0.302077	0.309262	0.315628	0.300705	0.290115	0.281105	0.294008	0.296651	0.0253156	0.300604	0.306637	0.294453	0.290912	0.302625	0.304868	0.298986	0.305703	0.306834	0.32289	0.302777	0.296205	0.277956	0.291408	0.290663	0.0257611	0.300988	0.317893	0.295435	0.29658	0.301552	0.302517	0.294541	0.304025	0.306739	0.32072	0.30633	0.295573	0.282139	0.292553	0.293729	0.0274667	0.301599	0.316307	0.294157	0.29727	0.308328	0.305023	0.299475	0.300361	0.311379	0.317107	0.303806	0.294387	0.27921	0.283986	0.28915	0.0264983	0.300176	0.308962	0.294001	0.297527	0.305545	0.30266	0.297261	0.302958	0.304843	0.315098	0.304021	0.294522	0.28427	0.295795	0.29274	0.0262381	0.299743	0.317842	0.295761	0.297045	0.306636	0.304998	0.300519	0.299046	0.310531	0.317588	0.304331	0.293145	0.279403	0.295974	0.293102	0.0277215	0.301658	0.309019	0.298546	0.295976	0.307901	0.303968	0.303575	0.304463	0.309441	0.318617	0.302308	0.297218
0.297746	0.300275	0.288338	0.300291	0.0279351	0.311633	0.299326	0.300722	0.302558	0.314214	0.304056	0.295416	0.302817	0.313867	0.314282	0.30394	0.301592	0.296926	0.282452	0.300227	0	0.300125	0.29522	0.303035	0.302409	0.316551	0.300902	0.298286	0.300641	0.310663	0.31328	0.303335	0.295558	0.2988	0.285104	0.294408	0.029203	0.304635	0.293996	0.298315	0.296798	0.312784	0.301703	0.293816	0.296633	0.307396	0.307888	0.301892	0.298303	0.292781	0.280173	0.292225	0.0300105	0.305996	0.296946	0.299867	0.291986	0.307674	0.297302	0.29664	0.296055	0.302917	0.308232	0.305304	0.294767	0.299879	0.280845	0.300512	0.0263695	0.311048	0.296311	0.30238	0.299732	0.316176	0.307014	0.297094	0.299105	0.309175	0.311507	0.310317	0.295664	0.295472	0.279116	0.298119	0.0276512	0.303835	0.294532	0.302309	0.303303	0.315333	0.302977	0.300098	0.302271	0.307988	0.312912	0.303427	0.29833	0.299604	0.284571	0.295866	0.0274786	0.306321	0.294796	0.296781	0.294929	0.310048	0.299595	0.297624	0.298118	0.305152	0.310735	0.298979	0.300464	0.303961	0.287399	0.29649	0.0256455	0.303393	0.296036	0.296997	0.296447	0.316123	0.302115	0.300335	0.303206	0.315751	0.31146	0.30535	0.29583	0.296576	0.279843	0.294252	0.0283548	0.310821	0.294872	0.303109	0.296677	0.313897	0.301927	0.297583	0.299513	0.309741	0.314608	0.304002	0.301931	0.299957	0.286131	0.298623	0.0266993	0.307822	0.295028	0.30015	0.303006	0.313021	0.302624	0.297571	0.301008	0.312673	0.314382	0.304292	0.296494	0.292291	0.283342	0.298502	0.0263902	0.307466	0.296068	0.298207	0.301597	0.311869	0.302102	0.298704	0.298827	0.311234	0.311103	0.306355	0.301919	0.301025	0.286081	0.299906	0.0283851	0.311113	0.297924	0.302743	0.301005	0.315824	0.303662	0.300263	0.300928	0.312207	0.313681	0.305047	0.29936	0.301215	0.283876	0.306536	0.026175	0.303038	0.299811	0.299772	0.303469	0.312915	0.306229	0.299424	0.300881	0.312815	0.315792	0.303759
